{
  "advancedEditorSelectedIdentifier" : "BehaviorsPluginID",
  "openSceneRelativePaths" : [
    "Scene.usda"
  ],
  "recentIdentifiers" : {
    "D66134B1-3681-4A8E-AFE5-29F257229F3B" : [

    ]
  },
  "sceneCameraHistory" : {
    "D66134B1-3681-4A8E-AFE5-29F257229F3B" : [
      {
        "date" : 763655089.413428,
        "title" : "Untitled",
        "transform" : [
          1,
          0,
          0,
          0,
          0,
          1,
          0,
          0,
          0,
          0,
          1,
          0,
          0.2979196,
          0.54783064,
          1.8062633,
          1
        ]
      },
      {
        "date" : 763655077.590976,
        "title" : "Untitled",
        "transform" : [
          1,
          0,
          0,
          0,
          0,
          1,
          0,
          0,
          0,
          0,
          1,
          0,
          -0.38528502,
          -0.074059844,
          2,
          1
        ]
      },
      {
        "date" : 763655070.744071,
        "title" : "Untitled",
        "transform" : [
          1,
          0,
          0,
          0,
          0,
          1,
          0,
          0,
          0,
          0,
          1,
          0,
          -0.10554838,
          1.2889094,
          2,
          1
        ]
      },
      {
        "date" : 763655068.768575,
        "title" : "Untitled",
        "transform" : [
          0.99849683,
          -2.244635e-09,
          0.054809734,
          0,
          -0.00219529,
          0.99919754,
          0.03999324,
          0,
          -0.05476573,
          -0.040053606,
          0.99769557,
          0,
          -1.5737267,
          -15.682964,
          4.3352056,
          1
        ]
      },
      {
        "date" : 763655060.307813,
        "title" : "Untitled",
        "transform" : [
          0.99849683,
          -2.244635e-09,
          0.054809734,
          0,
          -0.00219529,
          0.99919754,
          0.03999324,
          0,
          -0.05476573,
          -0.040053606,
          0.99769557,
          0,
          -0.8795457,
          3.149789,
          5.9239016,
          1
        ]
      },
      {
        "date" : 763655049.649816,
        "title" : "Untitled",
        "transform" : [
          0.9984967,
          -2.2446347e-09,
          0.054809727,
          0,
          -0.00219529,
          0.99919754,
          0.03999324,
          0,
          -0.05476573,
          -0.040053606,
          0.99769557,
          0,
          -0.5548198,
          0.36287615,
          0.8150542,
          1
        ]
      },
      {
        "date" : 763655047.823157,
        "title" : "Untitled",
        "transform" : [
          0.99735934,
          -1.3844397e-09,
          0.072624356,
          0,
          0.035814993,
          0.86994225,
          -0.49185136,
          0,
          -0.06317899,
          0.49315345,
          0.86764514,
          0,
          -0.5486062,
          0.81028605,
          0.49804908,
          1
        ]
      },
      {
        "date" : 763655035.148499,
        "title" : "Untitled",
        "transform" : [
          0.99735934,
          -1.3844397e-09,
          0.072624356,
          0,
          0.035814993,
          0.86994225,
          -0.49185136,
          0,
          -0.06317899,
          0.49315345,
          0.86764514,
          0,
          -0.29422337,
          0.363617,
          0.77045083,
          1
        ]
      },
      {
        "date" : 763655029.148502,
        "title" : "Untitled",
        "transform" : [
          0.99735934,
          -1.3844397e-09,
          0.072624356,
          0,
          0.035814993,
          0.86994225,
          -0.49185136,
          0,
          -0.06317899,
          0.49315345,
          0.86764514,
          0,
          -0.6455785,
          0.7946005,
          0.49990332,
          1
        ]
      },
      {
        "date" : 763655025.956981,
        "title" : "Untitled",
        "transform" : [
          0.99735934,
          -1.3844397e-09,
          0.072624356,
          0,
          0.035814993,
          0.86994225,
          -0.49185136,
          0,
          -0.06317899,
          0.49315345,
          0.86764514,
          0,
          -0.7799089,
          0.53198653,
          0.63938683,
          1
        ]
      }
    ]
  },
  "sceneViewportBackgroundColors" : {

  },
  "selectedSceneRelativePath" : "Scene.usda"
}